siVg000001	pm7g043270	96.154	364	14	0	1	364	1	364	0.0	704
siVg000001	pm8g022860	90.566	371	17	1	12	364	12	382	0.0	624
siVg000001	pm3g048917	27.479	353	223	7	23	363	2	333	2.28e-25	105
siVg000001	pm15g011739	27.809	356	227	9	18	364	2	336	4.49e-25	104
siVg000001	pm16g007780	32.365	241	140	6	13	243	3	230	4.59e-24	101
siVg000001	pm12g015214	28.448	348	209	11	30	361	2	325	5.55e-22	95.5
siVg000001	pm16g007908	27.523	327	203	9	49	364	33	336	1.26e-21	94.7
siVg000001	pm3g050704	35.185	216	132	3	23	232	2	215	1.99e-21	94.4
siVg000001	pm4g016708	26.404	356	205	8	23	363	2	315	2.77e-20	90.9
siVg000001	pm14g005487	29.032	372	213	10	4	361	39	373	6.40e-19	87.4
siVg000001	pm13g026911	29.641	334	189	9	37	361	88	384	1.70e-18	86.7
siVg000001	pm1g053601	26.163	344	224	9	30	364	4	326	1.44e-16	80.1
siVg000001	pm4g019300	33.796	216	111	4	30	232	2	198	8.19e-16	77.8
siVg000001	pm16g007301	31.132	212	126	6	30	233	2	201	1.45e-15	76.6
siVg000001	pm5g044934	27.747	364	200	18	31	361	3	336	3.62e-15	76.3
siVg000001	pm11g031795	27.794	349	189	15	30	361	2	304	7.19e-15	75.1
siVg000001	pm3g048998	30.213	235	138	9	45	267	309	529	4.35e-13	70.9
siVg000001	pm1g052807	24.377	361	229	11	30	361	65	410	4.37e-13	70.5
siVg000001	pm4g017315	29.487	234	141	9	45	267	309	529	1.66e-12	69.3
siVg000001	pm3g047631	25.146	342	208	13	45	364	396	711	9.83e-12	67.0
siVg000001	pm6g024994	26.525	377	201	19	31	361	3	349	4.22e-11	64.3
siVg000001	pm16g007504	33.571	140	75	2	95	229	72	198	1.12e-10	62.8
siVg000001	pm12g014342	31.613	155	98	5	30	180	2	152	1.02e-08	54.7
siVg000001	pm15g010753	36.986	73	45	1	49	121	96	167	7.71e-08	52.8
siVg000001	pm5g044366	26.812	138	85	4	140	261	116	253	7.99e-07	50.8
siVg000001	pm6g025139	26.812	138	85	4	140	261	115	252	2.06e-06	49.7
siVg000001	pm9g032973	28.270	237	127	13	58	272	38	253	8.96e-06	47.8
siVg000001	pm18g004129	27.604	192	134	4	9	199	16	203	9.68e-06	48.1
siVIIg000002	pm16g006487	95.090	2322	98	4	1	2321	1	2307	0.0	4555
siVIIg000002	pm15g011747	94.210	2349	93	5	1	2321	1	2334	0.0	4545
siVIIg000002	pm2g037035	71.107	2267	592	13	97	2321	3	2248	0.0	3368
siVIIg000002	pm1g053026	71.019	2267	594	13	97	2321	3	2248	0.0	3365
siVIIg000002	pm5g046786	33.526	519	264	11	132	642	56	501	1.53e-65	239
siVIIg000002	pm6g024919	32.877	511	267	10	132	634	54	496	1.02e-64	238
siVIIg000002	pm8g021774	24.607	191	104	8	305	468	671	848	6.40e-07	55.8
siVIIg000002	pm7g039849	26.087	161	92	6	305	451	742	889	9.27e-07	55.1
siVIIIg000003	pm18g002711	94.382	445	25	0	1	445	1	445	0.0	853
siVIIIg000003	pm6g024911	93.933	445	27	0	1	445	1	445	0.0	852
siVIIIg000003	pm6g023292	61.810	453	161	4	2	445	5	454	0.0	580
siVIIIg000003	pm5g047204	61.842	456	156	5	2	445	145	594	0.0	578
siVIIIg000003	pm4g018507	61.364	440	159	5	2	435	3	437	0.0	573
siVIIIg000003	pm3g050277	61.136	440	160	5	2	435	3	437	0.0	572
siVIIIg000003	pm11g031339	61.048	439	169	2	1	438	1	438	0.0	565
siVIIIg000003	pm8g022492	61.573	445	170	1	1	444	1	445	0.0	561
siVIIIg000003	pm7g041900	61.959	439	166	1	7	444	6	444	0.0	560
siVIIIg000003	pm5g044343	61.982	434	159	5	1	434	1	428	0.0	542
siVIIIg000003	pm2g038883	57.788	443	173	4	1	436	1	436	0.0	529
siVIIIg000003	pm4g018717	53.968	441	183	8	5	437	6	434	1.06e-162	466
siVIIIg000003	pm3g048836	53.139	446	178	9	11	437	21	454	1.25e-158	457
siVIIIg000003	pm6g023575	61.798	356	132	3	79	434	1	352	2.59e-158	451
siVIIIg000003	pm17g009380	52.414	435	194	6	3	433	4	429	1.02e-155	448
siVIIIg000003	pm1g051040	52.914	429	195	5	11	438	19	441	7.51e-155	446
siVIIIg000003	pm6g026289	52.414	435	194	7	3	433	4	429	1.04e-154	446
siVIIIg000003	pm8g021461	49.145	468	192	7	4	432	27	487	1.73e-154	447
siVIIIg000003	pm2g035569	52.214	429	198	5	11	438	19	441	2.10e-152	440
siVIIIg000003	pm14g006315	49.772	438	200	7	5	433	11	437	1.43e-151	438
siVIIIg000003	pm13g027422	49.543	438	201	7	5	433	11	437	2.68e-151	437
siVIIIg000003	pm8g021806	45.322	481	206	5	7	432	46	524	6.50e-146	427
siVIIIg000003	pm7g040579	44.581	489	211	6	2	432	18	504	1.00e-144	423
siVIIIg000003	pm2g035587	49.309	434	202	7	12	438	22	444	1.15e-143	419
siVIIIg000003	pm3g048609	46.429	448	219	9	7	438	18	460	8.07e-138	404
siVIIIg000003	pm10g002443	46.404	431	212	7	11	433	13	432	6.77e-137	401
siVIIIg000003	pm7g039522	47.848	395	179	5	64	439	1	387	2.09e-133	390
siVIIIg000003	pm4g017362	45.833	432	222	6	17	438	1	430	1.16e-132	390
siVIIIg000003	pm7g043019	44.725	436	214	9	11	435	16	435	2.21e-129	382
siVIIIg000003	pm4g019587	45.131	421	213	6	9	421	3	413	4.98e-125	370
siVIIIg000003	pm18g002695	53.333	345	139	4	3	332	4	341	5.15e-125	367
siVIIIg000003	pm8g020356	44.869	419	218	5	8	421	15	425	9.99e-125	370
siVIIIg000003	pm7g041999	44.208	423	215	5	8	421	15	425	1.27e-124	370
siVIIIg000003	pm8g020107	64.286	266	94	1	5	270	42	306	2.31e-123	369
siVIIIg000003	pm8g020107	45.000	120	63	2	313	432	391	507	2.62e-23	102
siVIIIg000003	pm7g039775	64.394	264	93	1	7	270	46	308	6.52e-123	368
siVIIIg000003	pm7g039775	45.000	120	63	2	313	432	393	509	3.27e-23	102
siVIIIg000003	pm8g022758	42.572	451	224	9	11	435	14	455	8.11e-123	365
siVIIIg000003	pm3g050538	42.759	435	217	6	9	421	3	427	2.80e-120	358
siVIIIg000003	pm9g033780	41.756	467	225	12	7	432	10	470	5.15e-119	356
siVIIIg000003	pm10g001727	40.725	469	229	11	7	432	9	471	1.10e-118	355
siVIIIg000003	pm5g047157	43.269	416	223	5	12	421	25	433	2.04e-118	354
siVIIIg000003	pm2g038379	41.379	435	231	6	5	436	13	426	1.60e-116	348
siVIIIg000003	pm6g024801	43.029	416	224	5	12	421	30	438	2.69e-116	349
siVIIIg000003	pm4g019248	44.198	405	204	7	50	440	125	521	6.93e-111	337
siVIIIg000003	pm5g046175	41.995	431	225	8	4	430	14	423	1.55e-110	334
siVIIIg000003	pm3g047529	42.534	442	206	10	7	432	22	431	8.65e-109	328
siVIIIg000003	pm6g024177	41.259	429	225	9	8	430	18	425	7.69e-108	327
siVIIIg000003	pm4g018424	43.779	434	211	9	7	432	22	430	6.43e-105	318
siVIIIg000003	pm5g046403	40.409	391	201	10	6	388	21	387	3.56e-89	278
siVIIIg000003	pm7g040044	45.185	270	143	2	1	268	1	267	3.20e-77	249
siVIIIg000003	pm6g026308	45.525	257	137	1	12	268	14	267	3.60e-76	246
siVIIIg000003	pm2g036250	45.211	261	138	2	9	268	14	270	2.43e-71	234
siVIIIg000003	pm1g052683	44.828	261	139	2	9	268	14	270	9.41e-71	232
siVIIIg000003	pm1g053689	43.403	288	145	7	158	438	26	302	1.20e-69	223
siVIIIg000003	pm1g054604	39.273	275	144	6	8	270	1	264	7.80e-59	196
siVIIIg000003	pm13g027116	38.686	274	145	6	9	270	1	263	1.75e-58	196
siVIIIg000003	pm1g051120	40.149	269	146	5	10	270	26	287	2.55e-58	196
siVIIIg000003	pm2g039198	40.149	269	146	5	10	270	26	287	3.25e-58	196
siVIIIg000003	pm16g008244	35.890	326	159	9	9	297	1	313	1.96e-55	189
siVIIIg000003	pm1g054817	39.924	263	122	5	9	269	1	229	2.78e-55	186